position:
  x: 0.418
  y: -0.68
  z: 0.63
orientation:
  x: 0
  y: 0
  z: -0.706825
  w: 0.707388