position:
  x: 0.78
  y: 0
  z: 0.20
orientation:
  x: -0
  y: 0
  z: 0.00159265
  w: -0.999999